SM:2023-03-01T11:09:46.2420233Z
LM:2023-03-01T16:22:05.1007473Z
CT:image/webp
MA:604800
CL:17652
