SM:2023-03-01T11:11:09.7525133Z
LM:2023-03-01T14:18:13.9857569Z
CT:image/webp
MA:604800
CL:4666
