SM:2023-03-01T11:09:46.2420233Z
LM:2023-03-01T14:18:13.6834927Z
CT:image/webp
MA:604800
CL:3878
