SM:2023-03-01T01:05:04.6881854Z
LM:2023-03-01T14:18:13.6834928Z
CT:image/webp
MA:604800
CL:9082
