SM:2023-03-01T11:17:59.7581532Z
LM:2023-03-01T14:18:14.0205976Z
CT:image/webp
MA:604800
CL:14224
