SM:2023-03-01T01:18:18.4334398Z
LM:2023-03-01T14:18:13.6835775Z
CT:image/webp
MA:604800
CL:3692
