SM:2023-03-01T11:11:09.7525133Z
LM:2023-03-01T16:22:08.7887979Z
CT:image/webp
MA:604800
CL:13506
