SM:2023-03-01T01:01:59.6967744Z
LM:2023-03-01T16:18:08.2021290Z
CT:image/webp
MA:604800
CL:12622
