SM:2023-03-01T01:01:59.6967744Z
LM:2023-03-01T14:18:13.6835784Z
CT:image/webp
MA:604800
CL:2834
