SM:2023-03-01T13:43:18.7469471Z
LM:2023-03-01T16:18:20.2857930Z
CT:image/webp
MA:604800
CL:6350
