SM:2023-03-01T11:11:56.5263311Z
LM:2023-03-01T14:18:13.9039557Z
CT:image/webp
MA:604800
CL:5256
