SM:2023-03-01T11:10:37.9708792Z
LM:2023-03-01T14:18:19.7341162Z
CT:image/webp
MA:604800
CL:4994
