SM:2023-03-01T01:18:18.4334398Z
LM:2023-03-01T16:22:03.5029574Z
CT:image/webp
MA:604800
CL:12366
