SM:2023-03-01T11:11:37.8672198Z
LM:2023-03-01T14:18:13.9557641Z
CT:image/webp
MA:604800
CL:4192
