SM:2023-03-01T13:41:19.7265626Z
LM:2023-03-01T16:18:21.2185405Z
CT:image/webp
MA:604800
CL:24086
