SM:2023-03-01T11:15:52.7352034Z
LM:2023-03-01T14:18:14.0650964Z
CT:image/webp
MA:604800
CL:18126
