SM:2023-03-01T13:41:19.7265626Z
LM:2023-03-01T14:18:13.9873271Z
CT:image/webp
MA:604800
CL:4672
