SM:2023-03-01T11:17:59.7581532Z
LM:2023-03-01T16:18:21.3280082Z
CT:image/webp
MA:604800
CL:112592
