SM:2023-03-01T01:05:04.6881854Z
LM:2023-03-01T16:18:09.1124440Z
CT:image/webp
MA:604800
CL:31988
