SM:2023-03-01T16:21:13.2196697Z
LM:2023-03-01T16:21:59.3707365Z
CT:image/webp
MA:604800
CL:814
