SM:2023-02-28T21:18:12.7520914Z
LM:2023-03-01T14:18:13.5136894Z
CT:image/jpeg
MA:604800
CL:38512
